1490532298584  [object Object]
1490532299586  [object Object]
1490532300592  [object Object]
1490532301594  [object Object]
1490532302596  [object Object]
1490532303593  [object Object]
1490532304601  [object Object]
1490532305602  [object Object]
1490532306603  [object Object]
1490532307607  [object Object]
1490532310346  [object Object]
1490532310361  [object Object]
1490532310613  [object Object]
1490532311617  [object Object]
1490532312621  [object Object]
1490532313623  [object Object]
1490532314627  [object Object]
1490532315629  [object Object]
1490532316633  [object Object]
1490532317637  [object Object]
1490532318639  [object Object]
1490532319642  [object Object]
1490532320645  [object Object]
1490532379932  [object Object]
1490532380934  [object Object]
1490532381940  [object Object]
1490532382939  [object Object]
1490532383943  [object Object]
1490532384947  [object Object]
1490532581105  21.1
1490532582106  21.1
1490532583110  21.1
1490532584112  21.1
1490532585115  21
1490532586117  21.1
1490532587121  21.1
undefined  21.3
undefined  21.3
undefined  21.3
undefined  21.3
undefined  21.3
undefined  21.3
undefined  21.3
1490536161.731  21.3
1490536162.732  21.3
1490536163.734  21.3
1490536164.738  21.3
1490536165.74  21.3
1490536166.741  21.3
1490536167.745  21.3
1490536168.747  21.3
1490536169.751  21.3
1490536170.753  21.3
1490536171.757  21.3
1490536172.759  21.3
1490536173.761  21.3
1490536174.763  21.3
1490536175.767  21.3
1490536176.775  21.3
1490536177.777  21.3
1490536178.781  21.3
1490536179.784  21.3
1490536180.784  21.3
1490536181.788  21.3
1490536182.792  21.3
1490536183.798  21.3
1490536184.8  21.3
1490536185.804  21.3
1490536186.81  21.3
1490536187.812  21.3
1490536188.814  21.3
1490536189.816  21.3
1490536190.822  21.3
1490536191.822  21.3
1490536192.826  21.3
1490536193.829  21.3
1490536194.829  21.3
1490536195.833  21.3
1490536196.835  21.3
1490536197.837  21.3
1490536198.841  21.3
1490536199.843  21.3
1490536200.847  21.3
1490536201.849  21.3
1490536202.853  21.3
1490536203.855  21.3
1490536204.865  21.3
1490536205.861  21.3
1490536206.865  21.3
1490536207.866  21.3
1490536208.868  21.3
1490536209.872  21.3
1490536210.874  21.3
1490536211.876  21.3
1490536212.878  21.3
1490536213.882  21.3
1490536214.884  21.3
1490536215.888  21.3
1490536216.89  21.3
1490536217.894  21.3
1490536218.896  21.3
1490536219.9  21.3
1490536220.902  21.3
1490536221.906  21.3
1490536222.908  21.3
1490536223.916  21.3
1490536224.923  21.3
1490536225.917  21.3
1490536226.929  21.3
1490536227.933  21.3
1490536228.935  21.3
1490536229.937  21.3
1490536230.941  21.3
1490536231.943  21.3
1490536232.945  21.3
1490536233.949  21.3
1490536234.952  21.3
1490536235.954  21.3
1490536236.958  21.3
1490536237.96  21.3
1490536238.962  21.3
1490536239.966  21.3
1490536240.97  21.3
1490536241.974  21.3
1490536242.976  21.3
1490536243.978  21.3
1490536244.982  21.3
1490536245.984  21.3
1490536246.988  21.3
1490536247.991  21.3
1490536248.993  21.3
1490536249.995  21.3
1490536250.999  21.3
1490536252.001  21.3
1490536253.003  21.3
1490536254.005  21.3
1490536255.007  21.3
1490536256.009  21.3
1490536257.011  21.3
1490536258.011  21.3
1490536259.015  21.3
1490536260.017  21.3
1490536261.021  21.3
1490536262.023  21.3
1490536263.027  21.3
1490536264.029  21.3
1490536265.033  21.3
1490536266.034  21.3
1490536267.038  21.3
1490536268.04  21.3
1490536269.042  21.3
1490536270.046  21.3
1490536271.05  21.3
1490536272.052  21.3
1490536273.058  21.3
1490536274.058  21.3
1490536275.062  21.3
1490536276.064  21.3
1490536277.068  21.3
1490536278.076  21.3
1490536279.074  21.3
1490536280.076  21.3
1490536281.077  21.3
1490536282.081  21.3
1490536283.083  21.3
1490536284.087  21.3
1490536285.089  21.3
1490536286.093  21.3
1490536287.095  21.3
1490536288.097  21.3
1490536289.103  21.3
1490536290.116  21.3
1490536291.115  21.3
1490536292.164  21.3
1490536293.165  21.3
1490536294.159  21.3
1490536295.163  21.2
1490536296.165  21.3
1490536297.167  21.3
1490536298.169  21.3
1490536299.173  21.3
1490536300.378  21.3
1490536301.179  21.3
1490536302.181  21.3
1490536303.185  21.3
1490536304.187  21.3
1490536305.189  21.3
1490536306.191  21.3
1490536307.195  21.3
1490536308.197  21.3
1490536309.198  21.3
1490536310.202  21.2
1490536311.204  21.3
1490536312.206  21.3
1490536313.21  21.2
1490536314.214  21.3
1490536315.216  21.3
1490536316.218  21.3
1490536317.222  21.3
1490536318.224  21.3
1490536319.228  21.3
1490536320.23  21.2
1490536321.232  21.2
1490536322.236  21.3
1490536323.238  21.3
1490536324.24  21.3
1490536325.243  21.3
1490536326.245  21.3
1490536327.249  21.2
1490536328.251  21.2
1490536329.255  21.3
1490536330.257  21.3
1490536331.261  21.3
1490536332.263  21.3
1490536333.267  21.2
1490536334.269  21.3
1490536335.273  21.2
1490536336.275  21.2
1490536337.279  21.2
1490536338.28  21.2
1490536339.285  21.3
1490536340.286  21.2
1490536341.288  21.2
1490536342.292  21.3
1490536343.294  21.2
1490536344.296  21.2
1490536345.298  21.2
1490536346.302  21.2
1490536347.304  21.2
1490536348.308  21.2
1490536349.31  21.2
1490536350.312  21.2
1490536351.314  21.2
1490536352.316  21.2
1490536353.32  21.2
1490536354.322  21.2
1490536355.324  21.2
1490536356.329  21.2
1490536357.329  21.2
1490536358.34  21.2
1490536359.335  21.2
1490536360.338  21.2
1490536361.339  21.2
1490536362.343  21.2
1490536363.354  21.2
1490536364.349  21.2
1490536365.351  21.2
1490536366.357  21.2
1490536367.357  21.2
1490536368.363  21.2
1490536369.363  21.2
1490536370.365  21.2
1490536371.368  21.2
1490536372.37  21.2
1490536373.379  21.2
1490536374.376  21.2
1490536375.378  21.2
1490536376.382  21.2
1490536377.384  21.2
1490536378.392  21.2
1490536379.39  21.2
1490536380.394  21.2
1490536381.396  21.2
1490536382.4  21.2
1490536383.404  21.2
1490536384.404  21.2
1490536385.408  21.2
1490536386.409  21.2
1490536387.415  21.2
1490536388.419  21.2
1490536389.417  21.3
1490536390.422  21.2
1490536391.423  21.2
1490536392.423  21.2
1490536393.435  21.2
1490536394.429  21.2
1490536395.431  21.2
1490536396.441  21.2
1490536397.439  21.2
1490536398.443  21.2
1490536399.447  21.2
1490536400.447  21.2
1490536401.45  21.2
1490536402.454  21.2
1490536403.456  21.2
1490536404.46  21.2
1490536405.462  21.2
1490536406.464  21.3
1490536407.466  21.2
1490536408.47  21.2
1490536409.474  21.2
1490536410.476  21.2
1490536411.48  21.2
1490536412.482  21.2
1490536413.486  21.2
1490536414.486  21.2
1490536415.489  21.2
1490536416.491  21.2
1490536417.493  21.2
1490536418.497  21.2
1490536419.499  21.2
1490536420.501  21.2
1490536421.505  21.2
1490536422.507  21.2
1490536423.509  21.2
1490536424.511  21.2
1490536425.513  21.2
1490536426.517  21.2
1490536427.519  21.2
1490536428.521  21.2
1490536429.525  21.2
1490536430.525  21.2
1490536431.529  21.2
1490536432.531  21.2
1490536433.532  21.2
1490536434.537  21.2
1490536435.538  21.2
1490536436.54  21.2
1490536437.544  21.2
1490536438.548  21.2
1490536439.55  21.2
1490536440.554  21.2
1490536441.556  21.2
1490536442.56  21.2
1490536443.562  21.2
1490536444.566  21.2
1490536445.568  21.2
1490536446.57  21.2
1490536447.572  21.2
1490536448.575  21.2
1490536449.577  21.2
1490536450.581  21.2
1490536451.583  21.2
1490536452.585  21.2
1490536453.589  21.2
1490536454.591  21.2
1490536455.595  21.2
1490536456.599  21.2
1490536457.601  21.2
1490536458.603  21.2
1490536459.607  21.2
1490536460.609  21.2
1490536461.611  21.2
1490536462.613  21.2
1490536463.615  21.2
1490536464.619  21.2
1490536465.622  21.2
1490536466.625  21.2
1490536467.626  21.2
1490536468.631  21.2
1490536469.632  21.2
1490536470.636  21.2
1490536471.638  21.2
1490536472.64  21.2
1490536473.644  21.2
1490536474.646  21.2
1490536475.648  21.2
1490536476.652  21.2
1490536477.654  21.2
1490536478.656  21.2
1490536479.657  21.2
1490536480.662  21.2
1490536481.663  21.2
1490536482.667  21.2
1490536483.669  21.2
1490536484.673  21.2
1490536485.675  21.2
1490536486.677  21.2
1490536487.681  21.2
1490536488.683  21.2
1490536489.687  21.2
1490536490.689  21.2
1490536491.691  21.2
1490536492.695  21.2
1490536493.697  21.2
1490536494.701  21.2
1490536495.704  21.2
1490536496.706  21.2
1490536497.71  21.2
1490536498.712  21.2
1490536499.714  21.2
1490536500.718  21.2
1490536501.722  21.2
1490536502.728  21.2
1490536503.728  21.2
1490536504.73  21.2
1490536505.734  21.2
1490536506.738  21.2
1490536507.74  21.2
1490536508.741  21.2
1490536509.743  21.2
1490536510.747  21.2
1490536511.749  21.2
1490536512.753  21.2
1490536513.757  21.2
1490536514.759  21.2
1490536515.761  21.2
1490536516.763  21.2
1490536517.767  21.2
1490536518.769  21.2
1490536519.773  21.2
1490536520.775  21.2
1490536521.779  21.2
1490536522.781  21.2
1490536523.783  21.2
1490536524.786  21.2
1490536525.788  21.2
1490536526.79  21.2
1490536527.79  21.2
1490536528.794  21.2
1490536529.796  21.2
1490536530.798  21.2
1490536531.8  21.2
1490536532.804  21.2
1490536533.806  21.2
1490536534.808  21.2
1490536535.812  21.2
1490537216  21.3
1490537217  21.3
1490537218  21.3
1490537219  21.2
1490537220  21.2
1490537221  21.2
1490537222  21.3
1490537223  21.2
1490537224  21.2
1490537225  21.2
1490537226  21.2
1490537227  21.2
1490537228  21.2
1490537229  21.2
1490537230  21.2
1490537231  21.2
1490537232  21.2
1490537233  21.2
1490537234  21.3
1490537235  21.2
1490537236  21.2
1490537237  21.3
1490537238  21.2
1490537239  21.2
1490537240  21.2
1490537241  21.2
1490537242  21.2
1490537243  21.3
1490537244  21.2
1490537245  21.2
1490537246  21.2
1490537247  21.2
1490537248  21.2
1490537249  21.2
1490537250  21.3
1490537251  21.2
1490537252  21.2
1490537253  21.2
1490537254  21.2
1490537255  21.2
1490537256  21.2
1490537257  21.3
1490537258  21.2
1490537259  21.2
1490537260  21.2
1490537261  21.3
1490537262  21.2
1490537263  21.2
1490537264  21.2
1490537265  21.2
1490537266  21.3
1490537267  21.3
1490537268  21.2
1490537269  21.3
1490537270  21.2
1490537271  21.2
1490537272  21.2
1490537273  21.2
1490537274  21.2
1490537275  21.2
1490537276  21.2
1490537277  21.2
1490537278  21.2
1490537279  21.2
1490537280  21.2
1490537281  21.2
1490537282  21.2
1490537283  21.2
1490537284  21.2
1490537285  21.2
1490537286  21.2
1490537287  21.2
1490537288  21.2
1490537289  21.2
1490537290  21.2
1490537291  21.3
1490537292  21.2
1490537293  21.2
1490537294  21.2
1490537295  21.2
1490537296  21.2
1490537297  21.2
1490537298  21.2
1490537299  21.3
1490537300  21.2
1490537301  21.2
1490537302  21.2
1490537303  21.2
1490537304  21.2
1490537305  21.2
1490537306  21.2
1490537307  21.2
1490537308  21.3
1490537309  21.2
1490537310  21.3
1490537311  21.2
1490537312  21.2
1490537313  21.2
1490537314  21.3
1490537315  21.2
1490537316  21.2
1490537317  21.2
1490537318  21.3
1490537319  21.2
1490537320  21.2
1490537321  21.3
1490537322  21.2
1490537323  21.2
1490537324  21.3
1490537325  21.2
1490537326  21.2
1490537327  21.2
1490537328  21.2
1490537329  21.2
1490537330  21.2
1490537331  21.2
1490537332  21.2
1490537333  21.2
1490537334  21.2
1490537335  21.2
1490537336  21.2
1490537337  21.2
1490537338  21.3
1490537339  21.2
1490537340  21.2
1490537341  21.2
1490537342  21.2
1490537343  21.2
1490537344  21.2
1490537345  21.2
1490537346  21.3
1490537347  21.2
1490537348  21.2
1490537349  21.2
1490537350  21.2
1490537351  21.2
1490537352  21.2
1490537353  21.2
1490537354  21.2
1490537355  21.2
1490537356  21.2
1490537357  21.2
1490537358  21.2
1490537359  21.2
1490537360  21.2
1490537361  21.2
1490537362  21.2
1490537363  21.2
1490537364  21.2
1490537365  21.2
1490537366  21.2
1490537367  21.2
1490537368  21.2
1490537369  21.2
1490537370  21.2
1490537371  21.2
1490537372  21.2
1490537373  21.2
1490537374  21.2
1490537375  21.2
1490537376  21.2
1490537377  21.2
1490537378  21.2
1490537379  21.2
1490537380  21.2
1490537381  21.2
1490537382  21.2
1490537383  21.2
1490537384  21.2
1490537385  21.2
1490537386  21.2
1490537387  21.2
1490537388  21.2
1490537389  21.2
1490537390  21.2
1490537391  21.2
1490537392  21.2
1490537393  21.2
1490537394  21.2
1490537395  21.2
1490537396  21.2
1490537397  21.2
1490537398  21.2
1490537399  21.2
1490537400  21.2
1490537401  21.2
1490537402  21.2
1490537403  21.2
1490537404  21.2
1490537405  21.2
1490537406  21.2
1490537407  21.2
1490537408  21.2
1490537409  21.2
1490537410  21.2
1490537411  21.2
1490537412  21.2
1490537413  21.2
1490537414  21.2
1490537415  21.2
1490537416  21.2
1490537417  21.2
1490537418  21.2
1490537419  21.2
1490537420  21.2
1490537421  21.2
1490537422  21.2
1490537423  21.2
1490537424  21.2
1490537425  21.2
1490537426  21.2
1490537427  21.2
1490537428  21.2
1490537429  21.2
1490537430  21.2
1490537431  21.2
1490537432  21.2
1490537433  21.2
1490537434  21.2
1490537435  21.2
1490537436  21.2
1490537437  21.2
1490537438  21.2
1490537439  21.2
1490537440  21.2
1490537441  21.2
1490537442  21.2
1490537443  21.2
1490537444  21.2
1490537445  21.2
1490537446  21.2
1490537447  21.2
1490537448  21.2
1490537449  21.2
1490537450  21.2
1490537451  21.2
1490537452  21.2
1490537453  21.2
1490537454  21.2
1490537455  21.2
1490537456  21.2
1490537457  21.2
1490537458  21.2
1490537459  21.2
1490537460  21.2
1490537461  21.2
1490537462  21.2
1490537463  21.2
1490537464  21.2
1490537465  21.2
1490537466  21.2
1490537467  21.2
1490537468  21.2
1490537469  21.2
1490537470  21.2
1490537471  21.2
1490537472  21.2
1490537473  21.2
1490537474  21.2
1490537475  21.2
1490537476  21.2
1490537477  21.2
1490537478  21.2
1490537479  21.2
1490537480  21.2
1490537481  21.2
1490537482  21.2
1490537483  21.2
1490537484  21.2
1490537485  21.2
1490537486  21.2
1490537487  21.2
1490537488  21.2
1490537489  21.2
1490537490  21.2
1490537491  21.2
1490537492  21.2
1490537493  21.2
1490537494  21.2
1490537495  21.2
1490537496  21.2
1490537497  21.2
1490537498  21.2
1490537499  21.2
1490537500  21.2
1490537501  21.2
1490537502  21.2
1490537503  21.2
1490537504  21.2
1490537505  21.2
1490537506  21.2
1490537507  21.2
1490537508  21.2
1490537509  21.2
1490537510  21.2
1490537511  21.2
1490537512  21.2
1490537513  21.2
1490537514  21.2
1490537515  21.2
1490537516  21.2
1490537517  21.2
1490537518  21.2
1490537519  21.2
1490537520  21.2
1490537521  21.2
1490537522  21.2
1490537523  21.2
1490537524  21.2
1490537525  21.2
1490537526  21.2
1490537527  21.2
1490537528  21.2
1490537529  21.2
1490537530  21.2
1490537531  21.2
1490537532  21.2
1490537533  21.2
1490537534  21.2
1490537535  21.2
1490537536  21.2
1490537538  21.2
1490537539  21.2
1490537540  21.2
1490537541  21.2
1490537542  21.2
1490537543  21.2
1490537544  21.2
1490537545  21.2
1490537546  21.2
1490537547  21.2
1490537548  21.2
1490537549  21.2
1490537550  21.2
1490537551  21.2
1490537552  21.2
1490537553  21.2
1490537554  21.2
1490537555  21.2
1490537556  21.2
1490537557  21.2
1490537558  21.2
1490537559  21.2
1490537560  21.2
1490537561  21.2
1490537562  21.2
1490537563  21.2
1490537564  21.2
1490537565  21.2
1490537566  21.2
1490537567  21.2
1490537568  21.2
1490537569  21.2
1490537570  21.2
1490537571  21.2
1490537572  21.2
1490537573  21.2
1490537574  21.2
1490537575  21.2
1490537576  21.2
1490537577  21.2
1490537578  21.2
1490537579  21.2
1490537580  21.2
1490537581  21.2
1490537582  21.2
1490537583  21.2
1490537584  21.2
1490537585  21.2
1490537586  21.2
1490537587  21.2
1490537588  21.2
1490537589  21.2
1490537590  21.2
1490537591  21.2
1490537592  21.2
1490537593  21.2
1490537594  21.2
1490537595  21.2
1490537596  21.2
1490537597  21.2
1490537598  21.3
1490537599  21.2
1490537600  21.2
1490537601  21.2
1490537602  21.2
1490537603  21.2
1490537604  21.3
1490537605  21.2
1490537606  21.2
1490537607  21.2
1490537608  21.2
1490537609  21.2
1490537610  21.2
1490537611  21.2
1490537612  21.2
1490537613  21.2
1490537614  21.2
1490537615  21.2
1490537616  21.2
1490537617  21.2
1490537618  21.2
1490537619  21.2
1490537620  21.2
1490537621  21.2
1490537622  21.2
1490537623  21.2
1490537624  21.2
1490537625  21.2
1490537626  21.2
1490537627  21.2
1490537628  21.2
1490537629  21.2
1490537630  21.2
1490537631  21.2
1490537632  21.2
1490537633  21.2
1490537634  21.2
1490537635  21.2
1490537636  21.2
1490537637  21.2
1490537638  21.2
1490537639  21.2
1490537640  21.2
1490537641  21.2
1490537642  21.2
1490537643  21.2
1490537644  21.2
1490537645  21.2
1490537646  21.2
1490537647  21.2
1490537648  21.2
1490537649  21.2
1490537650  21.2
1490537651  21.2
1490537652  21.2
1490537653  21.2
1490537654  21.2
1490537655  21.2
1490537656  21.2
1490537657  21.2
1490537658  21.2
1490537659  21.2
1490537660  21.2
1490537661  21.2
1490537662  21.2
1490537663  21.2
1490537664  21.2
1490537665  21.2
1490537666  21.2
1490537667  21.2
1490537668  21.2
1490537669  21.2
1490537670  21.2
1490537671  21.2
1490537672  21.2
1490537673  21.2
1490537674  21.2
1490537675  21.2
1490537676  21.2
1490537677  21.2
1490537678  21.2
1490537679  21.2
1490537680  21.2
1490537681  21.2
1490537682  21.2
1490537683  21.2
1490537684  21.2
1490537685  21.2
1490537686  21.2
1490537687  21.1
1490537688  21.2
1490537689  21.2
1490537690  21.2
1490537691  21.2
1490537692  21.2
1490537693  21.2
1490537694  21.2
1490537695  21.2
1490537696  21.2
1490537697  21.2
1490537698  21.2
1490537699  21.2
1490537700  21.2
1490537701  21.2
1490537702  21.2
1490537703  21.2
1490537704  21.2
1490537705  21.2
1490537706  21.2
1490537707  21.2
1490537708  21.2
1490537709  21.2
1490537710  21.2
1490537711  21.2
1490537712  21.2
1490537713  21.2
1490537714  21.2
1490537715  21.2
1490537716  21.2
1490537717  21.2
1490537718  21.2
1490537719  21.2
1490537720  21.2
1490537721  21.2
1490537722  21.2
1490537723  21.2
1490537724  21.2
1490537725  21.2
1490537726  21.2
1490537727  21.2
1490537728  21.2
1490537729  21.2
1490537730  21.2
1490537731  21.2
1490537732  21.2
1490537733  21.2
1490537734  21.2
1490537735  21.2
1490537736  21.2
1490537737  21.2
1490537738  21.2
1490537739  21.2
1490537740  21.2
1490537741  21.2
1490537742  21.2
1490537743  21.2
1490537744  21.2
1490537745  21.2
1490537746  21.2
1490537747  21.2
1490537748  21.2
1490537749  21.2
1490537750  21.2
1490537751  21.2
1490537752  21.2
1490537753  21.2
1490537754  21.2
1490537755  21.2
1490537756  21.2
1490537757  21.2
1490537758  21.2
1490537759  21.2
1490537760  21.2
1490537761  21.2
1490537762  21.2
1490537763  21.2
1490537764  21.2
1490537765  21.2
1490537766  21.2
1490537767  21.2
1490537768  21.2
1490537769  21.2
1490537770  21.2
1490537771  21.2
1490537772  21.2
1490537773  21.2
1490537774  21.2
1490537775  21.2
1490537776  21.2
1490537777  21.2
1490537778  21.2
1490537779  21.2
1490537780  21.2
1490537781  21.2
1490537782  21.2
1490537783  21.2
1490537784  21.2
1490537785  21.2
1490537786  21.2
1490537787  21.2
1490537788  21.2
1490537789  21.2
1490537790  21.2
1490542538  21.1
1490542539  21.1
1490542540  21.1
1490542541  21.1
